# YOLOv5 Hyperparameter Evolution Results
# Best generation: 1
# Last generation: 2
#    metrics/precision,       metrics/recall,      metrics/mAP_0.5, metrics/mAP_0.5:0.95,         val/box_loss,         val/obj_loss,         val/cls_loss
#              0.78063,              0.17243,              0.18042,              0.10976,             0.070139,             0.073567,             0.015624

lr0: 0.01
lrf: 0.01
momentum: 0.937
weight_decay: 0.00049
warmup_epochs: 2.8236
warmup_momentum: 0.51424
warmup_bias_lr: 0.12161
box: 0.06494
cls: 0.39566
cls_pw: 0.90935
obj: 1.0
obj_pw: 0.77652
iou_t: 0.2
anchor_t: 4.8786
fl_gamma: 0.0
hsv_h: 0.0123
hsv_s: 0.7
hsv_v: 0.4
degrees: 0.0
translate: 0.13067
scale: 0.5
shear: 0.0
perspective: 0.0
flipud: 0.0
fliplr: 0.5
mosaic: 1.0
mixup: 0.0
copy_paste: 0.0
anchors: 4.7624
